1 	USA 	39,591,680 	+47,048 	653,990 	+585 	30,809,309 	+22,941 	8,128,381 	24,853 	118,808 	1,963 	578,295,605 	1,735,366 	333,241,357
2 	India 	32,694,188 	+45,058 	437,860 	+457 	31,881,128 	+35,815 	375,200 	8,944 	23,426 	314 	516,887,602 	370,358 	1,395,642,554
3 	Brazil 	20,728,605 	+24,699 	579,010 	+614 	19,646,400 	+16,725 	503,195 	8,318 	96,726 	2,702 	56,580,445 	264,022 	214,301,783
4 	Russia 	6,863,541 	+19,492 	180,840 	+799 	6,131,446 	+19,411 	551,255 	2,300 	47,008 	1,239 	177,600,000 	1,216,383 	146,006,695
5 	France 	6,728,858 	+17,590 	114,157 	+74 	6,191,075 	+20,355 	423,626 	2,270 	102,825 	1,744 	121,518,857 	1,856,945 	65,440,194
6 	UK 	6,698,486 	+32,406 	132,376 	+133 	5,337,919 	+39,259 	1,228,191 	982 	98,078 	1,938 	266,714,771 	3,905,199 	68,297,355
7 	Turkey 	6,329,549 	+17,912 	55,958 	+245 	5,798,314 	+12,175 	475,277 	633 	74,130 	655 	75,570,623 	885,058 	85,384,918
8 	Argentina 	5,167,733 		111,270 		4,846,795 		209,668 	2,952 	113,144 	2,436 	21,815,621 	477,639 	45,673,847
9 	Colombia 	4,901,163 		124,648 		4,731,933 		44,582 	8,155 	95,154 	2,420 	23,992,187 	465,796 	51,507,905
10 	Iran 	4,895,448 	+26,034 	105,901 	+614 	4,117,098 	+32,107 	672,449 	7,845 	57,437 	1,243 	28,213,229 	331,019 	85,231,406
11 	Spain 	4,831,809 		84,000 		4,258,193 		489,616 	1,685 	103,297 	1,796 	60,618,810 	1,295,947 	46,775,682
12 	Italy 	4,524,292 	+6,860 	129,056 	+54 	4,255,808 	+5,494 	139,428 	511 	74,956 	2,138 	83,395,187 	1,381,649 	60,359,173
13 	Indonesia 	4,066,404 	+10,050 	131,372 	+591 	3,707,850 	+18,594 	227,182 		14,688 	475 	31,712,250 	114,544 	276,856,899
14 	Germany 	3,933,569 	+8,589 	92,631 	+11 	3,723,200 	+4,300 	117,738 	974 	46,776 	1,102 	68,329,706 	812,549 	84,093,064
15 	Mexico 	3,311,317 	+19,556 	257,150 	+863 	2,639,903 	+16,278 	414,264 	4,798 	25,375 	1,971 	9,651,264 	73,959 	130,493,910
16 	Poland 	2,888,028 	+290 	75,340 	+5 	2,656,708 	+73 	155,980 	50 	76,405 	1,993 	19,636,867 	519,511 	37,798,753
17 	South Africa 	2,757,191 	+10,173 	81,461 	+274 	2,519,781 	+21,352 	155,949 	546 	45,823 	1,354 	16,348,437 	271,704 	60,170,133
18 	Ukraine 	2,282,285 	+2,082 	53,686 	+54 	2,205,707 	+1,025 	22,892 	177 	52,551 	1,236 	11,931,126 	274,719 	43,430,217
19 	Peru 	2,147,285 		198,115 		N/A 	N/A 	N/A 	1,324 	64,096 	5,914 	16,634,746 	496,547 	33,500,845
20 	Philippines 	1,935,700 	+19,441 	33,008 	+167 	1,760,013 	+19,191 	142,679 	3,055 	17,398 	297 	18,536,715 	166,606 	111,261,072
21 	Netherlands 	1,934,283 	+2,450 	17,994 	+9 	1,841,214 	+4,411 	75,075 	216 	112,598 	1,047 	16,482,481 	959,476 	17,178,625
22 	Iraq 	1,868,352 	+5,369 	20,632 	+73 	1,711,405 	+8,153 	136,315 	957 	45,282 	500 	14,240,478 	345,138 	41,260,242
23 	Malaysia 	1,685,510 	+22,597 	15,802 	+252 	1,401,160 	+19,492 	268,548 	986 	51,319 	481 	22,329,052 	679,858 	32,843,706
24 	Czechia 	1,678,731 	+184 	30,401 	+1 	1,646,365 	+10 	1,965 	12 	156,424 	2,833 	35,735,984 	3,329,881 	10,731,910
25 	Chile 	1,637,234 	+607 	36,841 	+34 	1,593,985 	+797 	6,408 	724 	84,807 	1,908 	20,145,566 	1,043,521 	19,305,376
26 	Bangladesh 	1,489,589 	+3,436 	25,926 	+80 	1,409,231 	+4,861 	54,432 	1,416 	8,942 	156 	8,841,472 	53,076 	166,580,490
27 	Canada 	1,487,277 	+840 	26,897 	+7 	1,432,235 	+654 	28,145 	274 	39,012 	706 	40,235,533 	1,055,396 	38,123,642
28 	Japan 	1,411,443 	+24,200 	15,851 	+54 	1,153,846 	+17,940 	241,746 	2,060 	11,199 	126 	21,439,752 	170,117 	126,029,321
29 	Belgium 	1,177,909 	+2,334 	25,360 	+6 	1,092,355 		60,194 	182 	101,127 	2,177 	18,533,278 	1,591,138 	11,647,812
30 	Thailand 	1,157,555 	+17,984 	10,879 	+292 	964,319 	+20,535 	182,357 	5,174 	16,536 	155 	8,129,670 	116,135 	70,002,094
31 	Pakistan 	1,148,572 	+4,231 	25,535 	+120 	1,029,930 	+3,848 	93,107 	5,596 	5,086 	113 	17,585,023 	77,870 	225,826,833
32 	Sweden 	1,123,413 		14,644 		1,085,412 	+621 	23,357 	39 	110,443 	1,440 	11,637,704 	1,144,104 	10,171,893
33 	Romania 	1,095,885 	+1,015 	34,509 	+19 	1,053,974 	+467 	7,402 	238 	57,408 	1,808 	11,358,294 	595,005 	19,089,418
34 	Israel 	1,045,800 	+11,177 	6,950 	+3 	957,045 	+4,953 	81,805 	703 	112,138 	745 	18,920,738 	2,028,816 	9,326,000
35 	Portugal 	1,033,165 	+2,374 	17,711 	+8 	970,497 	+2,835 	44,957 	143 	101,666 	1,743 	16,856,683 	1,658,735 	10,162,374
36 	Morocco 	849,532 	+6,175 	12,361 	+93 	773,619 	+7,163 	63,552 	1,348 	22,706 	330 	8,886,549 	237,515 	37,414,634
37 	Hungary 	811,706 		30,057 		775,286 		6,363 	8 	84,272 	3,121 	6,542,042 	679,197 	9,632,025
38 	Jordan 	794,350 	+381 	10,368 	+10 	771,842 	+648 	12,140 	615 	76,973 	1,005 	9,170,129 	888,589 	10,319,880
39 	Kazakhstan 	773,934 	+6,233 	8,983 	+104 	656,887 	+7,353 	108,064 	221 	40,657 	472 	11,575,012 	608,076 	19,035,477
40 	Switzerland 	770,758 		10,967 	+2 	705,104 		54,687 	223 	88,313 	1,257 	9,658,850 	1,106,701 	8,727,605
41 	Nepal 	758,008 	+1,516 	10,690 	+27 	710,452 	+2,222 	36,866 		25,488 	359 	3,886,878 	130,696 	29,739,890
42 	Serbia 	755,895 	+2,314 	7,257 	+9 	719,206 	+744 	29,432 	74 	86,917 	834 	4,987,618 	573,506 	8,696,722
43 	UAE 	715,394 	+998 	2,036 	+1 	700,548 	+1,559 	12,810 		71,339 	203 	73,776,974 	7,357,040 	10,028,079
44 	Austria 	684,541 	+1,322 	10,777 	+1 	659,053 	+1,059 	14,711 	109 	75,509 	1,189 	75,680,725 	8,348,056 	9,065,670
45 	Tunisia 	658,322 	+3,524 	23,182 	+152 	607,318 	+1,948 	27,822 	522 	55,038 	1,938 	2,559,309 	213,969 	11,961,142
46 	Cuba 	634,161 	+6,850 	5,067 	+83 	587,514 	+12,375 	41,580 	446 	56,028 	448 	7,797,481 	688,906 	11,318,635
47 	Lebanon 	597,978 		8,035 		550,334 		39,609 	54 	88,066 	1,183 	4,759,054 	700,877 	6,790,140
48 	Greece 	579,734 	+3,062 	13,544 	+35 	526,034 	+2,396 	40,156 	333 	55,936 	1,307 	15,305,343 	1,476,745 	10,364,244
49 	Saudi Arabia 	543,796 	+234 	8,526 	+6 	531,733 	+409 	3,537 	978 	15,345 	241 	27,279,215 	769,771 	35,438,109
50 	Georgia 	540,449 	+4,247 	7,175 	+74 	476,555 	+3,053 	56,719 		135,780 	1,803 	7,947,889 	1,996,794 	3,980,325
51 	Ecuador 	500,084 		32,166 		443,880 		24,038 	759 	27,857 	1,792 	1,759,004 	97,986 	17,951,535
52 	Bolivia 	489,447 	+514 	18,391 	+20 	431,928 	+926 	39,128 	220 	41,281 	1,551 	2,268,842 	191,360 	11,856,420
53 	Belarus 	477,901 	+1,636 	3,745 	+10 	471,018 	+1,449 	3,138 		50,594 	396 	7,757,953 	821,318 	9,445,735
54 	Guatemala 	463,753 	+3,736 	11,818 	+50 	397,556 	+3,635 	54,379 	5 	25,346 	646 	2,171,923 	118,704 	18,296,911
55 	Paraguay 	458,229 		15,675 		436,286 		6,268 	133 	63,348 	2,167 	1,767,359 	244,331 	7,233,476
56 	Costa Rica 	455,784 		5,431 		366,572 		83,781 	445 	88,541 	1,055 	2,006,420 	389,767 	5,147,741
57 	Panama 	455,527 		7,039 		440,407 		8,081 	108 	103,695 	1,602 	3,635,106 	827,483 	4,392,967
58 	Bulgaria 	451,148 	+1,004 	18,705 	+15 	404,198 	+77 	28,245 	297 	65,498 	2,716 	4,159,488 	603,874 	6,888,005
59 	Vietnam 	422,469 	+12,103 	10,405 	+352 	210,989 	+12,375 	201,075 		4,296 	106 	15,271,562 	155,281 	98,348,196
60 	Sri Lanka 	421,557 	+4,596 	8,583 	+212 	355,394 	+2,203 	57,580 		19,592 	399 	4,575,585 	212,651 	21,516,831
61 	Azerbaijan 	413,986 	+4,241 	5,512 	+43 	358,230 	+3,366 	50,244 		40,410 	538 	4,414,517 	430,915 	10,244,528
62 	Kuwait 	409,363 	+186 	2,416 	+1 	404,217 	+365 	2,730 	89 	94,252 	556 	3,750,289 	863,466 	4,343,299
63 	Slovakia 	394,657 	+122 	12,548 		380,907 	+93 	1,202 	13 	72,246 	2,297 	3,308,315 	605,620 	5,462,695
64 	Myanmar 	389,134 	+2,932 	15,077 	+109 	311,952 		62,105 		7,097 	275 	3,503,188 	63,891 	54,830,444
65 	Uruguay 	384,531 		6,026 		377,330 		1,175 	10 	110,256 	1,728 	3,305,423 	947,759 	3,487,620
66 	Croatia 	372,814 	+595 	8,324 	+6 	361,056 	+508 	3,434 	43 	91,465 	2,042 	2,521,032 	618,503 	4,076,019
67 	Dominican Republic 	349,620 	+367 	4,007 		340,472 	+228 	5,141 	133 	31,861 	365 	1,948,204 	177,541 	10,973,290
68 	Ireland 	348,067 	+1,997 	5,092 		292,956 	+1,361 	50,019 	61 	69,595 	1,018 	6,415,912 	1,282,837 	5,001,345
69 	Denmark 	343,351 	+877 	2,577 	+1 	327,615 	+965 	13,159 	19 	59,038 	443 	80,690,548 	13,874,518 	5,815,737
70 	Palestine 	335,709 	+1,237 	3,669 	+6 	316,520 	+433 	15,520 	46 	64,094 	700 	2,148,876 	410,268 	5,237,738
71 	Honduras 	335,398 	+1,508 	8,832 	+30 	106,597 	+200 	219,969 	654 	33,254 	876 	968,331 	96,008 	10,085,968
72 	Venezuela 	331,112 		3,970 		316,405 		10,737 	681 	11,682 	140 	3,359,014 	118,513 	28,342,896
73 	Ethiopia 	305,077 	+1,906 	4,631 	+13 	273,515 	+856 	26,931 	561 	2,580 	39 	3,219,174 	27,227 	118,236,075
74 	Libya 	303,790 		4,165 		217,624 		82,001 		43,530 	597 	1,503,172 	215,388 	6,978,913
75 	Oman 	301,784 		4,049 		291,039 		6,696 	68 	57,419 	770 	1,550,000 	294,909 	5,255,855
76 	Lithuania 	297,334 	+545 	4,532 	+9 	279,426 	+912 	13,376 	100 	111,013 	1,692 	4,394,905 	1,640,890 	2,678,366
77 	Egypt 	287,393 		16,706 		237,385 		33,302 	90 	2,749 	160 	3,068,679 	29,350 	104,555,191
78 	Bahrain 	272,246 	+98 	1,388 		269,904 	+138 	954 	2 	153,863 	784 	5,882,304 	3,324,457 	1,769,403
79 	Moldova 	266,784 	+193 	6,390 	+3 	256,882 	+599 	3,512 	61 	66,312 	1,588 	1,561,423 	388,111 	4,023,137
80 	Slovenia 	266,241 	+538 	4,448 	+2 	256,896 	+262 	4,897 	10 	128,046 	2,139 	1,441,915 	693,472 	2,079,268
81 	S. Korea 	246,951 	+1,793 	2,276 	+11 	216,989 	+2,316 	27,686 	427 	4,812 	44 	12,983,492 	252,990 	51,320,114
82 	Armenia 	240,953 	+692 	4,812 	+16 	225,963 	+370 	10,178 		81,139 	1,620 	1,524,481 	513,356 	2,969,635
83 	Kenya 	234,589 	+788 	4,694 	+28 	219,706 	+1,478 	10,189 	149 	4,255 	85 	2,358,930 	42,786 	55,133,206
84 	Qatar 	232,187 	+183 	602 		228,740 	+200 	2,845 	20 	82,693 	214 	2,486,059 	885,410 	2,807,805
85 	Bosnia and Herzegovina 	212,306 		9,785 		192,218 		10,303 		65,180 	3,004 	1,132,357 	347,643 	3,257,242
86 	Mongolia 	206,457 	+2,422 	924 	+1 	189,024 		16,509 	192 	61,831 	277 	3,647,780 	1,092,455 	3,339,067
87 	Zambia 	205,893 	+189 	3,591 	+4 	200,316 	+457 	1,986 	115 	10,851 	189 	2,258,787 	119,039 	18,975,220
88 	Algeria 	194,671 	+485 	5,179 	+31 	132,292 	+371 	57,200 	37 	4,349 	116 	230,861 	5,157 	44,762,276
89 	Nigeria 	190,333 		2,308 		169,815 		18,210 	11 	898 	11 	2,727,834 	12,866 	212,010,971
90 	Kyrgyzstan 	175,224 	+215 	2,513 	+6 	168,769 	+371 	3,942 	131 	26,357 	378 	1,635,882 	246,067 	6,648,103
91 	North Macedonia 	174,667 	+978 	5,842 	+24 	154,698 	+524 	14,127 		83,843 	2,804 	1,145,081 	549,654 	2,083,275
92 	Norway 	155,691 	+605 	814 		88,952 		65,925 	10 	28,462 	149 	7,017,791 	1,282,932 	5,470,118
93 	Uzbekistan 	154,033 	+829 	1,064 	+8 	146,550 	+857 	6,419 	23 	4,527 	31 	1,377,915 	40,494 	34,027,799
94 	Botswana 	153,793 		2,213 		144,254 		7,326 	1 	63,914 	920 	1,629,455 	677,178 	2,406,244
95 	Afghanistan 	153,033 	+26 	7,109 	+6 	109,698 	+72 	36,226 	1,124 	3,832 	178 	750,631 	18,796 	39,936,318
96 	Mozambique 	145,724 	+525 	1,842 	+8 	130,921 	+279 	12,961 	32 	4,517 	57 	845,550 	26,210 	32,261,058
97 	Albania 	144,079 	+905 	2,490 	+3 	132,723 	+347 	8,866 	3 	50,129 	866 	1,036,717 	360,701 	2,874,169
98 	Latvia 	142,123 	+256 	2,573 		137,380 	+127 	2,170 	18 	76,324 	1,382 	3,430,544 	1,842,306 	1,862,092
99 	Estonia 	141,014 	+324 	1,287 		133,349 	+392 	6,378 	12 	106,220 	969 	1,740,930 	1,311,371 	1,327,565
100 	Finland 	125,474 	+619 	1,018 		46,000 		78,456 	23 	22,605 	183 	6,503,091 	1,171,590 	5,550,654
101 	Namibia 	124,618 	+215 	3,370 	+1 	118,763 	+148 	2,485 	31 	48,043 	1,299 	656,106 	252,946 	2,593,858
102 	Zimbabwe 	124,236 		4,374 		110,549 		9,313 	12 	8,221 	289 	1,254,428 	83,008 	15,112,084
103 	Uganda 	119,544 	+217 	2,985 	+4 	95,462 	+12 	21,097 	356 	2,522 	63 	1,569,347 	33,110 	47,398,689
104 	Ghana 	117,040 		1,001 		109,134 		6,905 	62 	3,678 	31 	1,582,950 	49,749 	31,818,922
105 	Montenegro 	113,808 	+637 	1,712 	+4 	104,073 	+393 	8,023 	11 	181,177 	2,725 	612,816 	975,576 	628,158
106 	Cyprus 	113,069 	+213 	497 	+1 	90,755 		21,817 	92 	92,870 	408 	9,366,973 	7,693,650 	1,217,494
107 	China 	94,786 	+21 	4,636 		88,805 	+107 	1,345 	10 	66 	3 	160,000,000 	111,163 	1,439,323,776
108 	El Salvador 	94,060 		2,890 	+10 	79,740 		11,430 	145 	14,418 	443 	1,204,834 	184,678 	6,523,958
109 	Cambodia 	91,770 	+401 	1,870 	+12 	87,774 	+475 	2,126 		5,403 	110 	3,074,106 	180,985 	16,985,459
110 	Rwanda 	85,723 		1,065 		45,278 		39,380 	40 	6,435 	80 	2,377,122 	178,447 	13,321,184
111 	Cameroon 	83,425 		1,350 		80,433 		1,642 	152 	3,055 	49 	1,751,774 	64,155 	27,305,210
112 	Maldives 	80,678 	+139 	225 		78,757 	+63 	1,696 	18 	146,288 	408 	1,330,824 	2,413,094 	551,501
113 	Luxembourg 	75,517 		830 		73,790 		897 	5 	118,421 	1,302 	3,403,361 	5,336,914 	637,702
114 	Senegal 	72,618 	+85 	1,742 	+13 	60,529 	+422 	10,347 	43 	4,210 	101 	733,107 	42,497 	17,250,824
115 	Singapore 	67,171 	+121 	55 		66,022 	+54 	1,094 	6 	11,378 	9 	17,338,504 	2,937,041 	5,903,392
116 	Jamaica 	65,734 	+835 	1,483 	+18 	48,028 	+60 	16,223 	61 	22,087 	498 	542,419 	182,260 	2,976,078
117 	Malawi 	60,313 	+92 	2,157 	+9 	47,014 	+184 	11,142 	285 	3,062 	110 	383,734 	19,481 	19,697,894
118 	Ivory Coast 	54,566 		416 		53,027 		1,123 		2,011 	15 	883,824 	32,579 	27,128,924
119 	DRC 	54,508 		1,057 		30,858 		22,593 		588 	11 	306,299 	3,305 	92,686,759
120 	Australia 	49,938 	+1,122 	993 	+2 	32,942 		16,003 	125 	1,933 	38 	30,939,623 	1,197,317 	25,840,792
121 	Réunion 	48,683 		332 		45,980 		2,371 	33 	53,932 	368 	173,764 	192,498 	902,680
122 	Angola 	46,929 		1,186 		43,129 		2,614 	8 	1,379 	35 	830,836 	24,408 	34,039,596
123 	Fiji 	45,373 		479 		25,289 		19,605 	39 	50,195 	530 	369,712 	409,002 	903,936
124 	Guadeloupe 	45,277 		439 		2,250 		42,588 	23 	113,135 	1,097 	369,615 	923,569 	400,203
125 	Trinidad and Tobago 	43,999 		1,267 		38,022 		4,710 	22 	31,322 	902 	305,681 	217,610 	1,404,717
126 	Madagascar 	42,862 	+5 	955 		41,295 	+4 	612 	9 	1,503 	33 	241,052 	8,455 	28,508,936
127 	Eswatini 	42,719 	+236 	1,067 	+4 	32,940 	+575 	8,712 	10 	36,387 	909 	313,732 	267,232 	1,174,008
128 	French Polynesia 	40,178 		385 		33,500 		6,293 	55 	142,082 	1,361 	26,355 	93,199 	282,781
129 	Sudan 	37,699 		2,831 		31,630 		3,238 		837 	63 	238,579 	5,299 	45,026,154
130 	Malta 	36,039 	+49 	440 	+1 	34,567 	+54 	1,032 	1 	81,371 	993 	1,181,558 	2,667,776 	442,900
131 	Cabo Verde 	35,079 		308 		34,013 		758 	23 	62,313 	547 	205,858 	365,680 	562,946
132 	Martinique 	34,845 		405 		104 		34,336 	1 	92,938 	1,080 	315,249 	840,823 	374,929
133 	French Guiana 	34,375 		215 		9,995 		24,165 	27 	111,761 	699 	358,023 	1,164,011 	307,577
134 	Mauritania 	32,967 		699 		29,513 		2,755 	16 	6,882 	146 	437,674 	91,371 	4,790,063
135 	Guinea 	29,209 		326 		26,658 		2,225 	24 	2,157 	24 	534,667 	39,482 	13,541,958
136 	Suriname 	28,462 		709 		24,102 		3,651 	14 	48,022 	1,196 	102,180 	172,400 	592,691
137 	Syria 	27,539 	+103 	1,998 	+5 	22,410 	+21 	3,131 		1,531 	111 	103,566 	5,757 	17,989,262
138 	Gabon
